1	984
1	883
1	941
1	650
1	132
1	601
1	63
1	1214
1	339
1	653
1	213
1	545
1	214
1	181
1	325
1	520
1	1594
1	777
1	428
1	190
1	447
1	763
1	448
1	171
1	923
1	117
1	65
1	196
1	274
1	487
1	587
1	372
1	147
1	80
1	945
1	1828
1	488
1	55
1	353
1	429
1	440
1	954
1	346
1	525
1	859
1	106
1	201
1	871
1	504
1	471
1	275
1	425
1	170
1	939
1	634
1	70
1	1339
1	1212
1	387
1	272
1	725
1	124
1	184
1	3
1	544
1	441
1	85
1	280
1	145
1	119
1	991
1	494
1	202
1	649
1	149
1	1218
1	857
1	62
1	205
1	265
1	9
1	779
1	364
1	240
1	477
1	101
1	343
1	884
3	504
3	171
3	871
3	119
3	214
3	545
3	494
3	147
3	85
3	487
3	106
3	488
3	205
3	9
3	190
3	649
3	441
3	477
3	939
3	859
3	425
3	124
3	779
3	149
3	265
3	202
3	117
3	429
3	170
3	275
3	272
3	587
3	857
3	653
3	1212
3	883
3	544
3	884
3	447
3	55
3	471
3	213
3	101
3	339
3	372
3	196
3	1594
3	1339
9	170
9	213
9	634
9	147
9	196
9	1828
9	494
9	1339
9	1212
9	387
9	124
9	441
9	171
9	487
9	214
9	274
9	884
9	871
9	504
9	364
9	117
9	1594
9	859
9	488
9	201
9	544
9	939
9	471
9	275
9	205
9	265
9	190
9	425
9	649
9	272
9	101
9	779
9	85
9	1214
9	429
9	653
9	55
9	202
9	545
9	106
9	149
9	119
9	447
9	339
9	372
9	883
9	857
9	587
9	520
9	477
9	325
9	280
14	634
14	1784
14	991
14	149
14	687
14	1238
14	106
14	582
14	1260
14	219
14	232
14	520
14	387
14	1594
14	1543
14	101
14	181
14	753
14	274
14	290
14	491
14	576
14	866
14	959
14	65
14	605
14	621
14	642
20	387
20	615
20	151
20	1401
20	797
20	502
20	977
20	1232
20	454
20	525
20	577
20	106
20	38
20	513
20	634
20	640
20	687
20	156
20	201
20	1332
20	691
20	159
20	1594
20	34
20	605
20	1870
20	564
20	826
20	496
20	1228
20	939
20	869
20	694
20	753
20	452
20	642
20	582
20	520
20	246
20	883
20	866
34	376
34	638
34	525
34	440
34	769
34	513
34	1332
34	38
34	502
34	246
34	797
34	454
34	1870
34	201
34	841
34	245
34	194
34	387
34	694
34	116
34	634
34	687
34	106
34	466
34	520
34	1218
34	1423
34	615
34	939
34	582
34	1232
34	325
34	836
34	496
34	977
34	826
34	642
34	577
34	564
34	959
34	1228
34	1401
34	605
34	452
34	869
34	151
34	753
34	156
34	159
34	624
34	1336
34	883
34	125
34	691
34	640
34	1237
34	1594
34	1067
34	866
38	634
38	1332
38	502
38	615
38	387
38	977
38	1594
38	156
38	159
38	452
38	201
38	753
38	151
38	605
38	106
38	691
38	513
38	869
38	520
38	582
38	866
38	577
38	1232
38	687
38	246
38	1870
38	642
38	883
55	214
55	779
55	1214
55	265
55	945
55	984
55	346
55	190
55	634
55	494
55	171
55	587
55	857
55	343
55	1594
55	124
55	1339
55	119
55	147
55	196
55	85
55	101
55	213
55	447
55	106
55	339
55	725
55	274
55	883
55	441
55	859
55	649
55	372
55	170
55	205
55	1212
55	184
55	364
55	62
55	429
55	145
55	487
55	201
55	63
55	544
55	428
55	653
55	1828
55	353
55	149
55	488
55	471
55	970
55	763
55	650
55	871
55	939
55	325
55	477
55	545
55	425
55	520
55	387
55	132
55	117
55	504
55	272
55	884
55	275
55	240
55	70
55	280
55	111
55	202
62	428
62	106
62	939
62	649
62	779
62	145
62	653
62	441
62	184
62	265
62	763
62	179
62	425
62	101
62	346
62	70
62	364
62	725
62	544
62	871
62	205
62	119
62	353
62	202
62	945
62	196
62	429
62	587
62	447
62	240
62	650
62	132
62	984
62	63
62	545
62	122
62	117
62	494
62	170
62	272
62	343
62	275
62	883
63	425
63	525
63	184
63	343
63	272
63	448
63	991
63	205
63	240
63	196
63	364
63	346
63	725
63	353
63	440
63	1218
63	777
63	202
63	883
63	494
63	544
63	653
63	145
63	132
63	984
63	119
63	101
63	117
63	441
63	428
63	649
63	871
63	545
63	763
63	65
63	429
63	265
63	650
63	106
63	275
63	779
63	520
63	945
63	170
63	939
63	70
63	923
63	447
63	587
63	181
65	428
65	117
65	525
65	605
65	132
65	240
65	587
65	582
65	1238
65	883
65	777
65	447
65	184
65	687
65	544
65	219
65	621
65	274
65	991
65	649
65	425
65	290
65	149
65	1784
65	170
65	939
65	232
65	448
65	429
65	440
65	119
65	202
65	145
65	196
65	491
65	364
65	520
65	1543
65	1260
65	634
65	343
65	923
65	650
65	576
65	866
65	265
65	387
65	346
65	653
65	70
65	106
65	441
65	545
65	181
65	1594
65	642
65	1218
65	959
65	272
65	753
65	101
65	871
70	777
70	520
70	119
70	941
70	202
70	545
70	184
70	346
70	1218
70	343
70	991
70	649
70	425
70	205
70	353
70	653
70	440
70	954
70	871
70	364
70	487
70	939
70	265
70	122
70	779
70	494
70	179
70	272
70	275
70	132
70	587
70	106
70	80
70	196
70	447
70	725
70	145
70	650
70	544
70	923
70	448
70	429
70	601
70	181
70	240
70	117
70	945
70	984
70	441
70	525
70	170
70	101
70	428
70	883
70	763
80	428
80	117
80	649
80	954
80	119
80	939
80	425
80	544
80	653
80	429
80	101
80	132
80	763
80	205
80	145
80	447
80	941
80	871
80	275
80	487
80	240
80	601
80	196
80	441
80	184
85	653
85	1594
85	477
85	871
85	205
85	147
85	339
85	101
85	275
85	441
85	214
85	857
85	170
85	488
85	883
85	202
85	1339
85	124
85	504
85	213
85	471
85	649
85	117
85	149
85	190
85	545
85	447
85	884
85	372
85	106
85	196
85	544
85	272
85	171
85	587
85	487
85	429
85	494
85	1212
85	265
85	779
85	425
85	859
85	119
85	939
101	871
101	1214
101	275
101	346
101	859
101	1828
101	779
101	149
101	219
101	325
101	272
101	190
101	945
101	488
101	1260
101	797
101	372
101	634
101	429
101	650
101	106
101	1594
101	265
101	694
101	196
101	179
101	642
101	425
101	763
101	440
101	170
101	339
101	119
101	939
101	494
101	923
101	653
101	447
101	520
101	232
101	145
101	954
101	213
101	941
101	649
101	376
101	151
101	343
101	335
101	364
101	466
101	280
101	1238
101	1784
101	970
101	184
101	545
101	1212
101	428
101	504
101	841
101	991
101	687
101	984
101	857
101	124
101	111
101	638
101	487
101	214
101	147
101	471
101	866
101	240
101	564
101	290
101	1218
101	753
101	1423
101	621
101	959
101	1339
101	605
101	387
101	576
101	883
101	769
101	884
101	171
101	274
101	582
101	725
101	477
101	587
101	125
101	181
101	777
101	353
101	491
101	117
101	544
101	132
101	448
101	205
101	122
101	1543
101	601
101	201
101	525
101	577
101	202
101	441
106	777
106	240
106	634
106	471
106	214
106	219
106	440
106	1423
106	117
106	429
106	346
106	196
106	145
106	1201
106	576
106	649
106	866
106	275
106	544
106	171
106	448
106	1237
106	265
106	859
106	447
106	520
106	779
106	124
106	111
106	945
106	650
106	170
106	325
106	494
106	290
106	1218
106	428
106	977
106	587
106	1214
106	753
106	213
106	621
106	339
106	970
106	181
106	272
106	883
106	869
106	1828
106	246
106	156
106	1332
106	122
106	190
106	487
106	691
106	232
106	151
106	477
106	923
106	884
106	1232
106	582
106	1238
106	280
106	991
106	1339
106	147
106	1594
106	132
106	502
106	504
106	1784
106	205
106	513
106	615
106	871
106	159
106	605
106	984
106	201
106	525
106	488
106	642
106	545
106	119
106	959
106	452
106	1260
106	1870
106	149
106	202
106	364
106	441
106	274
106	184
106	1543
106	1212
106	653
106	343
106	372
106	687
106	1067
106	725
106	387
106	1401
106	577
106	353
106	179
106	1228
106	491
106	763
106	425
106	857
106	939
111	117
111	545
111	653
111	132
111	202
111	871
111	487
111	265
111	196
111	883
111	425
111	240
111	779
111	170
111	939
111	587
111	857
111	364
111	272
111	124
111	725
111	970
111	494
111	372
111	205
111	275
111	171
116	156
116	564
116	691
116	502
116	634
116	387
116	513
116	151
116	582
116	1870
116	615
116	1232
116	866
116	1332
116	577
116	869
116	642
116	440
116	452
116	836
116	1218
116	753
116	826
116	201
116	194
117	601
117	196
117	214
117	471
117	487
117	353
117	240
117	372
117	387
117	149
117	1594
117	448
117	202
117	923
117	339
117	984
117	545
117	145
117	429
117	119
117	649
117	346
117	871
117	859
117	440
117	954
117	280
117	970
117	132
117	364
117	945
117	587
117	725
117	425
117	170
117	265
117	763
117	939
117	343
117	779
117	181
117	184
117	124
117	441
117	1828
117	653
117	1212
117	634
117	274
117	488
117	883
117	147
117	325
117	884
117	494
117	201
117	477
117	520
117	777
117	991
117	857
117	1339
117	213
117	171
117	428
117	190
117	205
117	447
117	941
117	525
117	1214
117	1218
117	272
117	544
117	504
117	650
117	275
119	545
119	149
119	587
119	601
119	214
119	725
119	190
119	471
119	1212
119	272
119	487
119	1339
119	941
119	488
119	353
119	428
119	372
119	213
119	132
119	939
119	275
119	170
119	346
119	650
119	124
119	954
119	649
119	763
119	653
119	145
119	857
119	871
119	181
119	202
119	984
119	883
119	991
119	205
119	364
119	504
119	520
119	777
119	884
119	779
119	147
119	1594
119	343
119	441
119	1218
119	122
119	240
119	945
119	525
119	859
119	339
119	447
119	448
119	923
119	440
119	184
119	544
119	429
119	494
119	196
119	477
119	171
119	179
119	425
119	265
122	275
122	428
122	653
122	649
122	447
122	346
122	763
122	353
122	184
122	545
122	650
122	429
122	265
122	425
122	939
122	145
122	441
122	179
122	544
122	132
124	1339
124	725
124	504
124	132
124	884
124	477
124	429
124	149
124	170
124	494
124	425
124	545
124	653
124	214
124	364
124	649
124	1594
124	190
124	240
124	970
124	213
124	883
124	196
124	441
124	372
124	587
124	471
124	339
124	859
124	265
124	488
124	171
124	544
124	1212
124	147
124	202
124	939
124	871
124	272
124	487
124	857
124	275
124	779
124	447
124	205
125	634
125	502
125	605
125	1423
125	1336
125	642
125	582
125	151
125	335
125	525
125	245
125	466
125	1218
125	691
125	869
125	797
125	777
125	232
125	959
125	624
125	687
125	753
125	440
125	769
125	376
125	325
125	638
125	564
125	1237
125	1067
125	694
125	841
125	577
125	201
132	196
132	923
132	487
132	984
132	777
132	520
132	240
132	939
132	425
132	440
132	447
132	883
132	343
132	871
132	525
132	372
132	170
132	272
132	991
132	1218
132	945
132	181
132	275
132	653
132	353
132	145
132	857
132	601
132	650
132	649
132	954
132	545
132	265
132	941
132	205
132	179
132	587
132	202
132	184
132	779
132	428
132	494
132	346
132	448
132	364
132	441
132	763
132	725
132	544
132	970
132	429
132	171
145	425
145	923
145	184
145	520
145	763
145	650
145	448
145	343
145	954
145	275
145	202
145	1218
145	487
145	447
145	440
145	871
145	945
145	941
145	544
145	205
145	525
145	429
145	428
145	587
145	346
145	353
145	601
145	272
145	725
145	441
145	939
145	265
145	653
145	545
145	991
145	494
145	170
145	984
145	883
145	181
145	179
145	240
145	649
145	196
145	364
145	779
145	777
147	779
147	190
147	447
147	339
147	171
147	939
147	425
147	649
147	857
147	1594
147	883
147	487
147	488
147	275
147	884
147	587
147	213
147	504
147	205
147	265
147	202
147	477
147	429
147	653
147	545
147	214
147	1212
147	170
147	441
147	859
147	1339
147	196
147	471
147	272
147	494
147	372
147	871
147	149
147	544
149	959
149	1339
149	866
149	441
149	1067
149	544
149	477
149	205
149	582
149	1218
149	908
149	859
149	504
149	171
149	1228
149	201
149	190
149	649
149	494
149	272
149	275
149	871
149	364
149	777
149	487
149	214
149	642
149	372
149	545
149	1423
149	219
149	280
149	1238
149	1784
149	520
149	1237
149	1260
149	202
149	339
149	1212
149	447
149	290
149	687
149	213
149	265
149	779
149	1828
149	1214
149	576
149	471
149	753
149	1543
149	653
149	587
149	605
149	232
149	488
149	387
149	181
149	634
149	491
149	883
149	1332
149	274
149	429
149	991
149	857
149	621
149	196
149	425
149	170
149	939
149	1201
149	159
149	325
149	1594
149	884
149	1401
151	826
151	691
151	1232
151	201
151	1218
151	836
151	634
151	513
151	769
151	1332
151	245
151	1594
151	866
151	797
151	869
151	582
151	624
151	246
151	502
151	841
151	694
151	1237
151	194
151	564
151	977
151	156
151	1423
151	642
151	1870
151	638
151	577
151	376
151	1067
151	454
151	605
151	520
151	440
151	1336
151	615
151	939
151	159
151	959
151	687
151	232
151	387
151	1228
151	452
151	325
151	496
151	753
151	1401
151	640
151	335
151	525
151	466
151	883
151	777
156	246
156	577
156	1332
156	883
156	1228
156	753
156	605
156	691
156	452
156	1594
156	866
156	440
156	977
156	502
156	640
156	797
156	939
156	194
156	525
156	687
156	513
156	634
156	564
156	615
156	496
156	454
156	1870
156	694
156	159
156	387
156	826
156	520
156	869
156	201
156	1232
156	642
156	1218
156	582
156	836
156	1401
159	577
159	564
159	826
159	1067
159	452
159	1401
159	494
159	1228
159	694
159	496
159	582
159	387
159	520
159	634
159	1218
159	201
159	1339
159	525
159	869
159	454
159	1828
159	246
159	1423
159	513
159	1212
159	280
159	1237
159	691
159	642
159	1260
159	977
159	272
159	1870
159	1201
159	753
159	502
159	605
159	1594
159	1232
159	883
159	1214
159	615
159	274
159	866
159	687
159	1332
159	640
170	653
170	884
170	171
170	448
170	364
170	441
170	939
170	184
170	984
170	777
170	339
170	520
170	477
170	1212
170	1218
170	871
170	425
170	504
170	447
170	343
170	1339
170	634
170	544
170	440
170	429
170	488
170	779
170	945
170	387
170	372
170	725
170	275
170	353
170	202
170	265
170	763
170	190
170	857
170	201
170	428
170	1828
170	205
170	1214
170	181
170	240
170	272
170	923
170	471
170	214
170	280
170	859
170	346
170	196
170	487
170	525
170	649
170	587
170	991
170	545
170	325
170	970
170	883
170	494
170	1594
170	274
170	213
170	650
171	280
171	471
171	587
171	939
171	494
171	1594
171	1339
171	653
171	859
171	325
171	857
171	1212
171	441
171	477
171	339
171	425
171	1828
171	213
171	544
171	240
171	387
171	883
171	372
171	201
171	545
171	196
171	274
171	779
171	970
171	265
171	871
171	725
171	190
171	275
171	429
171	364
171	504
171	488
171	884
171	214
171	1214
171	272
171	649
171	634
171	205
171	202
171	447
171	487
171	520
179	428
179	545
179	939
179	346
179	275
179	265
179	429
179	447
179	649
179	184
179	441
179	763
179	653
179	425
179	353
179	650
179	544
181	576
181	525
181	544
181	939
181	343
181	429
181	1784
181	387
181	219
181	753
181	425
181	1260
181	1543
181	687
181	923
181	491
181	883
181	346
181	634
181	1238
181	959
181	272
181	866
181	582
181	653
181	440
181	265
181	232
181	649
181	184
181	991
181	441
181	448
181	1218
181	642
181	202
181	240
181	605
181	520
181	621
181	650
181	871
181	545
181	364
181	274
181	290
181	587
181	1594
181	777
181	196
181	447
181	428
184	725
184	240
184	441
184	448
184	520
184	272
184	487
184	777
184	587
184	984
184	343
184	275
184	883
184	494
184	650
184	447
184	649
184	364
184	991
184	545
184	525
184	941
184	428
184	346
184	954
184	440
184	1218
184	939
184	763
184	202
184	945
184	653
184	923
184	779
184	265
184	425
184	196
184	429
184	544
184	205
184	353
184	601
184	871
190	205
190	441
190	520
190	196
190	387
190	494
190	1594
190	1214
190	884
190	325
190	447
190	364
190	1339
190	213
190	883
190	214
190	857
190	587
190	477
190	779
190	280
190	488
190	471
190	939
190	504
190	272
190	275
190	202
190	265
190	649
190	201
190	339
190	487
190	1212
190	429
190	653
190	545
190	871
190	372
190	859
190	274
190	1828
190	425
190	634
190	544
194	582
194	452
194	387
194	691
194	1332
194	869
194	564
194	502
194	836
194	866
194	201
194	513
194	634
194	440
194	615
194	642
194	826
194	1232
194	1870
194	1218
194	753
194	577
196	1214
196	970
196	202
196	494
196	272
196	954
196	346
196	387
196	1218
196	520
196	364
196	883
196	779
196	325
196	941
196	343
196	447
196	653
196	428
196	725
196	201
196	213
196	488
196	504
196	544
196	240
196	763
196	274
196	871
196	214
196	339
196	353
196	984
196	923
196	649
196	650
196	587
196	1339
196	1594
196	477
196	991
196	372
196	857
196	487
196	777
196	859
196	945
196	448
196	525
196	634
196	545
196	601
196	1828
196	265
196	205
196	275
196	939
196	440
196	425
196	1212
196	884
196	429
196	471
196	280
196	441
201	325
201	1594
201	525
201	1828
201	1332
201	638
201	939
201	1214
201	454
201	372
201	866
201	1067
201	564
201	376
201	642
201	691
201	545
201	466
201	687
201	883
201	797
201	836
201	587
201	582
201	275
201	452
201	1423
201	440
201	653
201	869
201	605
201	477
201	513
201	615
201	520
201	826
201	387
201	1218
201	753
201	205
201	364
201	425
201	496
201	1232
201	1339
201	841
201	884
201	272
201	871
201	202
201	487
201	779
201	634
201	977
201	1401
201	859
201	769
201	504
201	274
201	694
201	1201
201	1212
201	1870
201	280
201	1260
201	232
201	265
201	335
201	577
201	1237
201	246
201	640
201	502
201	777
201	494
201	1228
202	205
202	884
202	325
202	447
202	364
202	487
202	763
202	274
202	1828
202	428
202	343
202	240
202	504
202	984
202	545
202	339
202	653
202	779
202	1218
202	1594
202	213
202	871
202	353
202	488
202	1214
202	520
202	275
202	857
202	448
202	634
202	777
202	471
202	945
202	214
202	649
202	372
202	477
202	387
202	441
202	650
202	587
202	1212
202	525
202	265
202	970
202	425
202	883
202	859
202	725
202	346
202	280
202	1339
202	544
202	939
202	440
202	494
202	272
202	923
202	429
202	991
205	1214
205	429
205	339
205	504
205	945
205	1594
205	325
205	265
205	779
205	213
205	587
205	447
205	274
205	488
205	544
205	272
205	883
205	425
205	939
205	214
205	353
205	275
205	471
205	884
205	520
205	494
205	346
205	649
205	859
205	372
205	1339
205	871
205	941
205	387
205	487
205	1212
205	954
205	545
205	441
205	763
205	984
205	280
205	343
205	240
205	1828
205	428
205	650
205	634
205	364
205	725
205	653
205	970
205	477
205	857
205	601
213	425
213	649
213	1339
213	339
213	871
213	1212
213	883
213	447
213	857
213	429
213	1594
213	477
213	884
213	441
213	487
213	214
213	275
213	272
213	265
213	653
213	471
213	488
213	587
213	779
213	544
213	859
213	504
213	494
213	545
213	939
213	372
214	265
214	779
214	425
214	939
214	494
214	275
214	649
214	857
214	339
214	1339
214	1594
214	441
214	871
214	859
214	488
214	487
214	587
214	653
214	545
214	477
214	471
214	372
214	1212
214	883
214	429
214	544
214	504
214	447
214	272
214	884
219	866
219	387
219	576
219	1784
219	753
219	520
219	687
219	1260
219	582
219	1238
219	621
219	1594
219	991
219	642
219	959
219	605
219	634
219	491
219	290
219	232
219	274
219	1543
232	274
232	621
232	753
232	769
232	376
232	387
232	1543
232	991
232	777
232	1218
232	491
232	959
232	1423
232	525
232	1260
232	1594
232	642
232	564
232	582
232	1784
232	866
232	605
232	440
232	634
232	694
232	577
232	290
232	638
232	841
232	466
232	325
232	797
232	1238
232	687
232	576
232	520
232	335
240	653
240	984
240	923
240	448
240	372
240	272
240	447
240	487
240	275
240	494
240	777
240	364
240	725
240	945
240	991
240	857
240	544
240	545
240	954
240	441
240	587
240	429
240	883
240	941
240	428
240	1218
240	649
240	601
240	353
240	525
240	346
240	343
240	939
240	425
240	650
240	520
240	970
240	440
240	871
240	779
240	265
240	763
245	502
245	687
245	1218
245	634
245	440
245	325
245	1067
245	582
245	691
245	1423
245	797
245	376
245	624
245	753
245	1237
245	694
245	959
245	1336
245	564
245	466
245	841
245	525
245	869
245	642
245	769
245	638
246	977
246	687
246	1870
246	513
246	1232
246	615
246	753
246	866
246	520
246	883
246	577
246	387
246	1332
246	869
246	605
246	502
246	582
246	452
246	1594
246	634
246	691
246	642
265	777
265	494
265	280
265	477
265	1212
265	544
265	440
265	272
265	504
265	984
265	883
265	364
265	649
265	857
265	387
265	653
265	763
265	725
265	274
265	471
265	884
265	353
265	650
265	428
265	1594
265	1828
265	1339
265	545
265	1214
265	441
265	487
265	923
265	520
265	871
265	945
265	970
265	634
265	779
265	488
265	429
265	939
265	275
265	587
265	1218
265	346
265	325
265	859
265	447
265	425
265	339
265	525
265	448
265	372
265	991
265	343
272	991
272	440
272	871
272	763
272	488
272	939
272	448
272	859
272	425
272	346
272	779
272	353
272	1212
272	429
272	487
272	587
272	364
272	653
272	372
272	447
272	725
272	634
272	1332
272	1423
272	1828
272	1214
272	471
272	275
272	777
272	544
272	280
272	857
272	970
272	1339
272	1260
272	945
272	883
272	984
272	428
272	1401
272	525
272	387
272	494
272	504
272	441
272	923
272	520
272	343
272	1201
272	477
272	884
272	650
272	339
272	1594
272	1237
272	1228
272	1218
272	545
272	1067
272	325
272	274
272	649
274	866
274	871
274	372
274	520
274	1212
274	1543
274	1067
274	545
274	621
274	387
274	364
274	1423
274	779
274	487
274	576
274	1228
274	642
274	1238
274	884
274	939
274	587
274	504
274	753
274	605
274	1218
274	280
274	859
274	991
274	959
274	634
274	1214
274	1201
274	1594
274	477
274	1784
274	582
274	275
274	494
274	687
274	425
274	1237
274	325
274	1339
274	883
274	290
274	1828
274	1260
274	1401
274	1332
274	653
274	491
275	325
275	494
275	954
275	871
275	387
275	280
275	653
275	1212
275	488
275	429
275	544
275	1214
275	939
275	634
275	504
275	447
275	883
275	425
275	545
275	339
275	884
275	520
275	487
275	857
275	984
275	364
275	649
275	1339
275	471
275	650
275	970
275	353
275	441
275	859
275	1594
275	941
275	587
275	601
275	428
275	763
275	725
275	346
275	372
275	945
275	477
275	1828
275	343
275	779
280	1201
280	504
280	1218
280	1332
280	883
280	425
280	364
280	387
280	1401
280	1423
280	1237
280	634
280	779
280	494
280	1339
280	372
280	1594
280	1067
280	1214
280	477
280	859
280	1228
280	1828
280	871
280	1260
280	1212
280	487
280	545
280	653
280	520
280	587
280	884
280	325
280	939
290	1543
290	687
290	605
290	491
290	576
290	1260
290	1238
290	520
290	1594
290	387
290	991
290	582
290	642
290	959
290	634
290	621
290	753
290	866
290	1784
325	587
325	638
325	841
325	859
325	753
325	487
325	869
325	1218
325	577
325	797
325	520
325	477
325	624
325	779
325	687
325	1214
325	525
325	1594
325	694
325	545
325	777
325	959
325	883
325	494
325	466
325	1828
325	769
325	1237
325	653
325	564
325	387
325	364
325	582
325	425
325	939
325	884
325	372
325	642
325	871
325	504
325	502
325	376
325	1336
325	1067
325	1339
325	634
325	1212
325	691
325	335
325	1423
325	440
325	605
335	769
335	694
335	440
335	1423
335	638
335	1218
335	841
335	753
335	577
335	376
335	582
335	777
335	797
335	466
335	525
335	605
335	564
339	477
339	859
339	544
339	372
339	1594
339	857
339	779
339	1212
339	494
339	471
339	429
339	487
339	447
339	441
339	587
339	1339
339	939
339	488
339	653
339	871
339	884
339	883
339	504
339	649
339	545
339	425
343	939
343	777
343	429
343	525
343	587
343	1218
343	991
343	650
343	883
343	428
343	440
343	923
343	448
343	364
343	447
343	520
343	494
343	346
343	945
343	544
343	649
343	779
343	763
343	425
343	725
343	353
343	871
343	984
343	441
343	545
343	653
346	425
346	945
346	494
346	923
346	545
346	353
346	779
346	525
346	871
346	650
346	429
346	653
346	991
346	587
346	725
346	1218
346	763
346	520
346	649
346	984
346	441
346	544
346	883
346	428
346	939
346	448
346	440
346	364
346	777
346	447
353	428
353	945
353	545
353	649
353	441
353	725
353	939
353	984
353	544
353	763
353	425
353	447
353	779
353	429
353	883
353	653
353	587
353	871
353	494
353	650
353	364
364	494
364	504
364	884
364	441
364	448
364	372
364	945
364	883
364	984
364	923
364	525
364	1212
364	634
364	1218
364	649
364	477
364	725
364	1594
364	857
364	991
364	871
364	545
364	425
364	763
364	487
364	777
364	440
364	653
364	520
364	387
364	650
364	970
364	939
364	587
364	1214
364	429
364	859
364	544
364	1339
364	447
364	428
364	1828
364	779
372	634
372	441
372	883
372	488
372	1339
372	1594
372	857
372	487
372	649
372	477
372	859
372	884
372	1828
372	544
372	494
372	970
372	425
372	471
372	939
372	1214
372	447
372	545
372	779
372	429
372	387
372	653
372	725
372	587
372	1212
372	520
372	871
372	504
376	691
376	869
376	1067
376	959
376	525
376	841
376	564
376	502
376	797
376	582
376	634
376	687
376	577
376	605
376	642
376	769
376	466
376	1336
376	638
376	440
376	1218
376	753
376	1423
376	694
376	777
376	624
376	1237
387	1212
387	587
387	491
387	866
387	653
387	440
387	797
387	640
387	513
387	977
387	615
387	939
387	496
387	869
387	577
387	883
387	991
387	494
387	884
387	605
387	642
387	487
387	1238
387	687
387	871
387	1401
387	836
387	959
387	691
387	1828
387	1870
387	1332
387	634
387	1232
387	1594
387	504
387	425
387	477
387	1214
387	502
387	859
387	1218
387	826
387	520
387	576
387	1260
387	1543
387	525
387	1228
387	779
387	694
387	454
387	564
387	545
387	621
387	582
387	1339
387	1784
387	753
387	452
425	941
425	871
425	653
425	1594
425	939
425	448
425	859
425	945
425	923
425	777
425	429
425	525
425	763
425	650
425	545
425	1214
425	954
425	471
425	1218
425	779
425	494
425	1828
425	725
425	447
425	440
425	649
425	883
425	991
425	984
425	487
425	428
425	544
425	857
425	970
425	634
425	504
425	488
425	884
425	520
425	477
425	601
425	1339
425	1212
425	441
425	587
428	763
428	447
428	945
428	601
428	939
428	779
428	871
428	525
428	441
428	544
428	923
428	650
428	487
428	777
428	494
428	725
428	520
428	649
428	587
428	1218
428	440
428	941
428	991
428	429
428	448
428	545
428	653
428	954
428	883
428	984
429	544
429	984
429	883
429	857
429	777
429	487
429	1339
429	448
429	441
429	653
429	1594
429	763
429	884
429	871
429	725
429	488
429	545
429	649
429	939
429	1218
429	859
429	1212
429	447
429	650
429	779
429	923
429	587
429	520
429	471
429	945
429	440
429	494
429	954
429	941
429	525
429	504
429	477
429	991
429	601
440	564
440	653
440	577
440	769
440	447
440	634
440	1336
440	694
440	1332
440	1870
440	871
440	441
440	466
440	1218
440	826
440	544
440	513
440	866
440	638
440	959
440	650
440	615
440	691
440	883
440	1423
440	525
440	836
440	605
440	452
440	1067
440	624
440	797
440	642
440	923
440	687
440	582
440	991
440	869
440	1237
440	777
440	545
440	448
440	1232
440	649
440	587
440	520
440	753
440	502
440	939
440	841
441	941
441	448
441	871
441	923
441	487
441	984
441	779
441	1594
441	1212
441	601
441	544
441	725
441	763
441	954
441	471
441	650
441	447
441	477
441	653
441	488
441	939
441	504
441	945
441	545
441	649
441	857
441	494
441	991
441	525
441	587
441	520
441	777
441	1339
441	883
441	1218
441	884
441	859
447	448
447	945
447	488
447	1218
447	923
447	939
447	545
447	477
447	1594
447	520
447	777
447	779
447	954
447	649
447	991
447	725
447	525
447	884
447	941
447	1212
447	763
447	883
447	494
447	653
447	871
447	544
447	587
447	650
447	487
447	471
447	984
447	601
447	1339
447	504
447	859
447	857
448	871
448	777
448	939
448	544
448	923
448	883
448	545
448	1218
448	991
448	653
448	650
448	587
448	649
448	525
448	520
452	691
452	836
452	513
452	496
452	520
452	866
452	939
452	753
452	582
452	1228
452	605
452	883
452	1332
452	615
452	869
452	1218
452	1401
452	640
452	1594
452	525
452	454
452	694
452	977
452	826
452	634
452	502
452	1870
452	687
452	642
452	1232
452	564
452	797
452	577
454	826
454	977
454	1228
454	1401
454	753
454	582
454	866
454	525
454	605
454	640
454	939
454	1332
454	496
454	691
454	797
454	869
454	513
454	1870
454	615
454	642
454	687
454	1232
454	502
454	694
454	577
454	564
454	634
466	869
466	777
466	634
466	1218
466	694
466	502
466	797
466	1423
466	691
466	1067
466	605
466	638
466	624
466	642
466	582
466	753
466	564
466	841
466	1336
466	525
466	769
466	1237
466	959
466	687
466	577
471	1594
471	1339
471	504
471	779
471	488
471	649
471	857
471	1212
471	544
471	494
471	883
471	653
471	884
471	487
471	939
471	545
471	477
471	871
471	859
471	587
477	504
477	649
477	1212
477	939
477	1339
477	779
477	487
477	1214
477	1594
477	884
477	544
477	857
477	859
477	871
477	494
477	488
477	1828
477	634
477	653
477	520
477	883
477	587
477	545
487	871
487	779
487	504
487	587
487	763
487	954
487	884
487	494
487	649
487	653
487	857
487	941
487	1212
487	1339
487	544
487	939
487	1214
487	859
487	725
487	1594
487	520
487	883
487	545
487	488
487	634
487	601
487	970
487	1828
488	587
488	871
488	883
488	494
488	545
488	1594
488	857
488	1339
488	1212
488	649
488	779
488	939
488	504
488	653
488	884
488	544
488	859
491	753
491	605
491	1238
491	1784
491	1543
491	777
491	866
491	908
491	634
491	1594
491	959
491	576
491	1260
491	582
491	621
491	642
491	520
491	687
491	991
494	945
494	779
494	653
494	871
494	1201
494	763
494	1260
494	1212
494	884
494	1214
494	725
494	883
494	1237
494	1423
494	649
494	1594
494	1339
494	970
494	587
494	1228
494	1828
494	520
494	939
494	504
494	650
494	1401
494	984
494	634
494	544
494	857
494	1218
494	859
494	545
494	1067
494	1332
496	642
496	1228
496	615
496	502
496	564
496	1232
496	694
496	513
496	525
496	1870
496	977
496	1332
496	687
496	866
496	640
496	605
496	753
496	634
496	582
496	869
496	691
496	577
496	826
502	769
502	1237
502	564
502	1067
502	1232
502	582
502	687
502	841
502	753
502	1218
502	1401
502	977
502	797
502	1870
502	642
502	1336
502	691
502	605
502	624
502	638
502	1228
502	939
502	826
502	883
502	634
502	525
502	1423
502	866
502	513
502	640
502	694
502	959
502	869
502	615
502	1332
502	836
502	1594
502	520
502	577
504	1828
504	779
504	939
504	1594
504	1212
504	587
504	634
504	520
504	859
504	1339
504	544
504	649
504	1214
504	653
504	871
504	857
504	545
504	884
504	883
513	1594
513	525
513	836
513	1332
513	977
513	797
513	605
513	1228
513	687
513	1870
513	640
513	883
513	1232
513	1401
513	826
513	577
513	753
513	694
513	582
513	615
513	866
513	564
513	520
513	1218
513	869
513	642
513	691
513	939
513	634
520	1212
520	653
520	859
520	1332
520	908
520	544
520	615
520	687
520	1260
520	884
520	1784
520	866
520	576
520	634
520	869
520	525
520	1339
520	959
520	991
520	883
520	1594
520	1870
520	621
520	605
520	753
520	587
520	691
520	779
520	1238
520	1218
520	650
520	642
520	1828
520	1232
520	545
520	577
520	777
520	1543
520	939
520	1214
520	871
520	977
520	582
520	923
520	649
525	638
525	869
525	1228
525	959
525	640
525	841
525	691
525	649
525	582
525	687
525	777
525	883
525	615
525	1218
525	624
525	866
525	642
525	544
525	769
525	650
525	1067
525	577
525	871
525	939
525	653
525	923
525	977
525	587
525	753
525	826
525	1870
525	694
525	545
525	634
525	1423
525	564
525	991
525	1232
525	1336
525	797
525	1332
525	605
525	1237
544	941
544	954
544	1218
544	1212
544	763
544	984
544	923
544	779
544	939
544	649
544	857
544	725
544	871
544	945
544	884
544	650
544	1339
544	1594
544	601
544	991
544	653
544	883
544	777
544	545
544	587
544	859
545	939
545	1218
545	763
545	945
545	777
545	857
545	649
545	650
545	725
545	634
545	1339
545	653
545	984
545	871
545	1212
545	991
545	923
545	779
545	859
545	883
545	970
545	1594
545	884
545	1828
545	1214
545	587
564	582
564	1067
564	640
564	836
564	1336
564	1218
564	1237
564	866
564	624
564	1401
564	605
564	777
564	1228
564	694
564	1423
564	687
564	1332
564	797
564	977
564	1232
564	638
564	634
564	642
564	691
564	826
564	841
564	1870
564	959
564	577
564	615
564	869
564	753
564	769
576	991
576	959
576	777
576	908
576	1594
576	582
576	642
576	687
576	753
576	605
576	1238
576	1543
576	1260
576	621
576	634
576	1784
576	866
577	797
577	866
577	1332
577	615
577	1228
577	769
577	977
577	1423
577	687
577	841
577	869
577	1870
577	691
577	1594
577	1232
577	1218
577	605
577	826
577	883
577	753
577	582
577	777
577	642
577	694
577	836
577	640
577	634
577	638
582	687
582	642
582	1260
582	1228
582	624
582	991
582	1423
582	1237
582	1332
582	869
582	1336
582	1238
582	977
582	797
582	1401
582	836
582	1784
582	640
582	621
582	939
582	694
582	638
582	615
582	769
582	1870
582	883
582	753
582	1218
582	777
582	634
582	1067
582	826
582	866
582	959
582	1232
582	1594
582	605
582	691
582	841
582	1543
587	859
587	883
587	1594
587	777
587	939
587	779
587	945
587	1214
587	653
587	650
587	871
587	857
587	763
587	1339
587	725
587	634
587	1218
587	1212
587	991
587	970
587	984
587	1828
587	884
587	923
587	649
601	941
601	954
601	649
601	939
601	653
601	763
601	871
605	694
605	883
605	1218
605	959
605	869
605	1232
605	642
605	621
605	1238
605	841
605	826
605	753
605	866
605	908
605	1332
605	1543
605	691
605	769
605	1228
605	977
605	634
605	777
605	797
605	1594
605	1784
605	1260
605	1423
605	638
605	991
605	615
605	640
605	687
605	1870
615	1218
615	634
615	836
615	640
615	826
615	691
615	642
615	687
615	1228
615	939
615	797
615	1401
615	977
615	883
615	753
615	866
615	1870
615	869
615	1332
615	1594
615	694
615	1232
621	687
621	753
621	1238
621	1260
621	959
621	1543
621	634
621	1784
621	642
621	1594
621	991
621	866
624	642
624	634
624	753
624	869
624	1067
624	959
624	1218
624	691
624	638
624	797
624	1423
624	687
624	769
624	694
624	1237
624	1336
624	841
634	826
634	1067
634	883
634	1218
634	779
634	869
634	959
634	1232
634	1594
634	1332
634	977
634	1336
634	939
634	769
634	638
634	1238
634	866
634	1401
634	1212
634	836
634	1214
634	1339
634	1260
634	642
634	687
634	1784
634	1237
634	1870
634	841
634	991
634	1228
634	753
634	653
634	797
634	694
634	871
634	859
634	1828
634	1423
634	691
634	640
634	884
634	1543
638	777
638	797
638	1067
638	769
638	694
638	1237
638	869
638	753
638	1336
638	841
638	1218
638	642
638	1423
638	691
638	959
638	687
640	691
640	1332
640	1870
640	753
640	694
640	1228
640	866
640	687
640	642
640	1232
640	869
640	977
640	826
642	1218
642	691
642	869
642	883
642	836
642	991
642	1336
642	1238
642	866
642	753
642	1870
642	797
642	1784
642	1228
642	769
642	826
642	1237
642	1423
642	1594
642	694
642	1401
642	687
642	977
642	1067
642	1332
642	959
642	1232
642	841
642	1260
642	1543
649	941
649	871
649	984
649	1212
649	725
649	923
649	945
649	1218
649	1594
649	653
649	763
649	857
649	777
649	650
649	939
649	991
649	954
649	884
649	883
649	859
649	779
649	1339
650	725
650	777
650	991
650	763
650	883
650	939
650	779
650	923
650	945
650	871
650	1218
650	984
650	653
653	984
653	970
653	941
653	991
653	1339
653	1594
653	1214
653	859
653	945
653	725
653	883
653	763
653	884
653	1828
653	1218
653	871
653	923
653	779
653	954
653	939
653	1212
653	857
653	777
687	1232
687	769
687	1238
687	694
687	977
687	1784
687	1260
687	1218
687	841
687	691
687	1870
687	1332
687	797
687	1594
687	1401
687	883
687	1336
687	1228
687	1067
687	991
687	869
687	753
687	1423
687	1543
687	1237
687	959
687	866
687	826
691	797
691	1232
691	959
691	939
691	1228
691	883
691	866
691	1870
691	1332
691	869
691	694
691	1423
691	769
691	753
691	1067
691	1237
691	826
691	836
691	1336
691	1218
691	1401
691	977
691	841
691	1594
694	797
694	869
694	1237
694	1228
694	826
694	1423
694	841
694	1232
694	1067
694	977
694	939
694	959
694	769
694	1870
694	1336
694	1332
694	866
694	777
694	1218
694	753
725	984
725	763
725	857
725	939
725	779
725	970
725	945
725	871
725	883
753	769
753	1401
753	959
753	1332
753	866
753	826
753	1594
753	1237
753	1238
753	1228
753	841
753	836
753	797
753	1067
753	869
753	1870
753	977
753	883
753	1543
753	908
753	1260
753	991
753	1784
753	1218
753	777
753	1336
753	1232
753	1423
763	945
763	941
763	883
763	984
763	779
763	954
763	871
763	939
769	777
769	841
769	959
769	797
769	1237
769	1218
769	869
769	1336
769	1067
769	1423
777	841
777	871
777	1423
777	939
777	923
777	797
777	908
777	1238
777	991
777	883
777	1218
779	1214
779	871
779	945
779	1339
779	970
779	859
779	857
779	984
779	1828
779	883
779	939
779	884
779	1594
779	1212
797	1423
797	1336
797	1067
797	1218
797	1870
797	977
797	959
797	841
797	1232
797	869
797	1237
797	939
797	866
826	1218
826	977
826	1870
826	1332
826	836
826	866
826	1228
826	869
826	1232
836	869
836	1332
836	866
836	1232
836	1870
836	1218
841	869
841	1336
841	959
841	1237
841	1423
841	1218
841	1067
857	1339
857	883
857	871
857	1212
857	884
857	859
857	1594
857	939
857	970
859	884
859	1339
859	871
859	1214
859	1594
859	883
859	1212
859	1828
859	939
866	1401
866	1260
866	883
866	1543
866	939
866	1232
866	1784
866	1332
866	959
866	1870
866	869
866	1228
866	977
866	991
866	1238
866	1218
866	1594
869	1401
869	883
869	1218
869	959
869	1228
869	1332
869	1870
869	1423
869	1594
869	1232
869	1067
869	977
869	939
869	1237
869	1336
871	945
871	1339
871	884
871	1212
871	883
871	1214
871	1828
871	1594
871	970
871	939
871	923
871	941
871	991
871	954
871	1218
871	984
883	1218
883	977
883	1828
883	1870
883	923
883	1594
883	884
883	991
883	1214
883	939
883	970
883	1212
883	984
883	1339
883	1232
883	945
883	1332
884	1594
884	1828
884	1339
884	939
884	1212
884	1214
908	1238
923	991
923	1218
923	939
939	1214
939	1218
939	984
939	954
939	970
939	1870
939	1232
939	1212
939	941
939	945
939	977
939	991
939	1594
939	1339
939	1828
941	954
945	984
959	1423
959	1238
959	1784
959	1218
959	1543
959	1594
959	1336
959	1237
959	991
959	1260
959	1067
977	1401
977	1870
977	1232
977	1594
977	1332
977	1228
991	1594
991	1238
991	1543
991	1260
991	1218
991	1784
1067	1218
1067	1423
1067	1212
1067	1401
1067	1828
1067	1336
1067	1228
1067	1594
1067	1339
1067	1214
1067	1332
1067	1260
1067	1201
1067	1237
1201	1423
1201	1218
1201	1237
1201	1828
1201	1214
1201	1594
1201	1401
1201	1228
1201	1260
1201	1339
1201	1212
1201	1332
1212	1828
1212	1332
1212	1218
1212	1237
1212	1214
1212	1423
1212	1228
1212	1401
1212	1339
1212	1594
1212	1260
1214	1594
1214	1228
1214	1218
1214	1237
1214	1828
1214	1260
1214	1339
1214	1332
1214	1423
1214	1401
1218	1237
1218	1870
1218	1339
1218	1594
1218	1232
1218	1260
1218	1332
1218	1828
1218	1336
1218	1401
1218	1423
1218	1228
1228	1423
1228	1232
1228	1870
1228	1594
1228	1828
1228	1339
1228	1332
1228	1237
1228	1401
1228	1260
1232	1870
1232	1594
1232	1401
1232	1332
1237	1594
1237	1401
1237	1423
1237	1332
1237	1336
1237	1828
1237	1260
1237	1339
1238	1543
1238	1594
1238	1784
1238	1260
1260	1423
1260	1543
1260	1401
1260	1784
1260	1332
1260	1594
1260	1828
1260	1339
1332	1423
1332	1594
1332	1828
1332	1339
1332	1870
1332	1401
1336	1423
1339	1423
1339	1594
1339	1401
1339	1828
1401	1594
1401	1870
1401	1423
1401	1828
1423	1828
1423	1594
1543	1594
1543	1784
1594	1828
1594	1784
1594	1870
